rows=101
cols=14
1.000000	0.600016	0.361033	0.251254	0.191106	0.153693	0.128331	0.110063	0.096302	0.085573	0.076981	0.069947	0.064085	0.059125	0.054876	0.051194	0.047974	0.045133	0.042610	0.040353	0.038323	0.036487	0.034819	0.033296	0.031900	0.030617	0.029433	0.028337	0.027320	0.026373	0.025489	0.024663	0.023888	0.023161	0.022476	0.021831	0.021222	0.020646	0.020100	0.019583	0.019091	0.018623	0.018178	0.017754	0.017349	0.016962	0.016592	0.016237	0.015898	0.015572	0.015260	0.014959	0.014671	0.014393	0.014125	0.013868	0.013619	0.013380	0.013148	0.012925	0.012709	0.012500	0.012297	0.012102	0.011912	0.011728	0.011550	0.011377	0.011209	0.011047	0.010888	0.010735	0.010585	0.010440	0.010298	0.010161	0.010027	0.009896	0.009769	0.009645	0.009524	0.009406	0.009291	0.009179	0.009069	0.008963	0.008858	0.008756	0.008656	0.008559	0.008464	0.008370	0.008279	0.008190	0.008103	0.008017	0.007934	0.007852	0.007771	0.007693	0.007616	
0.600016	1.000000	0.833890	0.628946	0.486890	0.391637	0.325420	0.277400	0.241252	0.213180	0.190810	0.172597	0.157500	0.144792	0.133956	0.124610	0.116469	0.109318	0.102986	0.097342	0.092281	0.087716	0.083579	0.079813	0.076370	0.073210	0.070300	0.067612	0.065121	0.062806	0.060650	0.058637	0.056752	0.054984	0.053323	0.051760	0.050285	0.048891	0.047573	0.046323	0.045138	0.044011	0.042940	0.041919	0.040945	0.040016	0.039128	0.038278	0.037464	0.036685	0.035937	0.035218	0.034528	0.033865	0.033226	0.032611	0.032019	0.031447	0.030896	0.030363	0.029849	0.029351	0.028870	0.028405	0.027954	0.027517	0.027094	0.026684	0.026285	0.025899	0.025523	0.025159	0.024805	0.024460	0.024125	0.023799	0.023482	0.023173	0.022872	0.022578	0.022293	0.022014	0.021742	0.021477	0.021218	0.020965	0.020719	0.020478	0.020242	0.020012	0.019787	0.019568	0.019352	0.019142	0.018936	0.018735	0.018537	0.018344	0.018155	0.017970	0.017788	
0.361033	0.833890	1.000000	0.913346	0.768788	0.640863	0.540495	0.463290	0.403382	0.356111	0.318134	0.287098	0.261339	0.239664	0.221201	0.205305	0.191486	0.179371	0.168670	0.159151	0.150632	0.142966	0.136032	0.129731	0.123982	0.118715	0.113874	0.109408	0.105276	0.101442	0.097876	0.094550	0.091441	0.088529	0.085796	0.083225	0.080803	0.078518	0.076357	0.074312	0.072373	0.070532	0.068782	0.067117	0.065530	0.064016	0.062570	0.061187	0.059865	0.058598	0.057383	0.056218	0.055099	0.054024	0.052989	0.051994	0.051035	0.050110	0.049219	0.048358	0.047527	0.046724	0.045948	0.045197	0.044470	0.043767	0.043085	0.042423	0.041782	0.041160	0.040556	0.039970	0.039400	0.038847	0.038308	0.037784	0.037275	0.036779	0.036296	0.035825	0.035367	0.034920	0.034484	0.034059	0.033644	0.033240	0.032844	0.032459	0.032082	0.031713	0.031353	0.031002	0.030658	0.030321	0.029992	0.029670	0.029354	0.029046	0.028744	0.028448	0.028158	
0.251254	0.628946	0.913346	1.000000	0.947534	0.845082	0.739735	0.647111	0.569708	0.505902	0.453248	0.409486	0.372774	0.341673	0.315069	0.292105	0.272117	0.254583	0.239094	0.225322	0.213006	0.201931	0.191924	0.182840	0.174559	0.166982	0.160024	0.153613	0.147689	0.142197	0.137094	0.132340	0.127901	0.123747	0.119851	0.116190	0.112744	0.109495	0.106426	0.103524	0.100774	0.098165	0.095687	0.093330	0.091086	0.088947	0.086905	0.084954	0.083088	0.081302	0.079591	0.077950	0.076375	0.074862	0.073408	0.072009	0.070662	0.069364	0.068113	0.066906	0.065740	0.064615	0.063527	0.062476	0.061458	0.060473	0.059519	0.058594	0.057698	0.056828	0.055985	0.055166	0.054370	0.053597	0.052846	0.052115	0.051405	0.050713	0.050040	0.049384	0.048745	0.048123	0.047516	0.046924	0.046347	0.045784	0.045234	0.044697	0.044173	0.043661	0.043161	0.042672	0.042194	0.041726	0.041269	0.040822	0.040384	0.039956	0.039536	0.039125	0.038723	
0.191106	0.486890	0.768788	0.947534	1.000000	0.965011	0.889929	0.804773	0.723471	0.650936	0.588007	0.533955	0.487590	0.447702	0.413215	0.383220	0.356971	0.333859	0.313389	0.295157	0.278833	0.264144	0.250867	0.238814	0.227829	0.217780	0.208556	0.200061	0.192214	0.184946	0.178196	0.171911	0.166046	0.160561	0.155421	0.150595	0.146055	0.141776	0.137738	0.133921	0.130306	0.126880	0.123627	0.120535	0.117592	0.114788	0.112113	0.109559	0.107118	0.104782	0.102546	0.100402	0.098345	0.096370	0.094472	0.092647	0.090891	0.089199	0.087570	0.085998	0.084481	0.083017	0.081602	0.080234	0.078912	0.077632	0.076392	0.075192	0.074028	0.072900	0.071805	0.070743	0.069711	0.068709	0.067736	0.066789	0.065869	0.064973	0.064101	0.063253	0.062426	0.061621	0.060836	0.060071	0.059324	0.058596	0.057886	0.057193	0.056515	0.055854	0.055208	0.054577	0.053960	0.053357	0.052767	0.052190	0.051625	0.051072	0.050532	0.050002	0.049483	
0.153693	0.391637	0.640863	0.845082	0.965011	1.000000	0.975063	0.918134	0.849044	0.778945	0.713106	0.653513	0.600522	0.553758	0.512577	0.476275	0.444189	0.415727	0.390376	0.367701	0.347334	0.328965	0.312331	0.297211	0.283417	0.270792	0.259197	0.248517	0.238652	0.229514	0.221029	0.213130	0.205761	0.198872	0.192418	0.186360	0.180663	0.175298	0.170235	0.165451	0.160924	0.156634	0.152563	0.148695	0.145016	0.141511	0.138170	0.134980	0.131933	0.129019	0.126229	0.123556	0.120992	0.118532	0.116168	0.113896	0.111711	0.109607	0.107580	0.105626	0.103741	0.101922	0.100165	0.098467	0.096825	0.095236	0.093699	0.092210	0.090767	0.089369	0.088013	0.086697	0.085419	0.084179	0.082973	0.081802	0.080663	0.079555	0.078477	0.077428	0.076406	0.075411	0.074441	0.073496	0.072574	0.071675	0.070798	0.069942	0.069107	0.068291	0.067494	0.066715	0.065955	0.065211	0.064483	0.063772	0.063076	0.062395	0.061729	0.061077	0.060438	
0.128331	0.325420	0.540495	0.739735	0.889929	0.975063	1.000000	0.981350	0.936889	0.880224	0.820023	0.761132	0.705931	0.655367	0.609613	0.568460	0.531528	0.498383	0.468596	0.441765	0.417534	0.395584	0.375640	0.357464	0.340847	0.325612	0.311603	0.298686	0.286746	0.275680	0.265400	0.255828	0.246897	0.238547	0.230724	0.223382	0.216478	0.209977	0.203844	0.198050	0.192568	0.187375	0.182448	0.177768	0.173317	0.169080	0.165040	0.161186	0.157505	0.153985	0.150616	0.147390	0.144297	0.141329	0.138479	0.135740	0.133106	0.130571	0.128130	0.125777	0.123508	0.121319	0.119205	0.117163	0.115189	0.113279	0.111431	0.109642	0.107910	0.106230	0.104602	0.103022	0.101489	0.100000	0.098555	0.097150	0.095784	0.094456	0.093164	0.091907	0.090683	0.089491	0.088329	0.087197	0.086094	0.085018	0.083969	0.082945	0.081945	0.080969	0.080016	0.079085	0.078176	0.077287	0.076417	0.075567	0.074736	0.073923	0.073127	0.072348	0.071585	
0.110063	0.277400	0.463290	0.647111	0.804773	0.918134	0.981350	1.000000	0.985536	0.949937	0.902871	0.851052	0.798679	0.748146	0.700672	0.656763	0.616514	0.579797	0.546375	0.515966	0.488282	0.463043	0.439992	0.418895	0.399543	0.381750	0.365353	0.350206	0.336183	0.323172	0.311072	0.299798	0.289272	0.279425	0.270197	0.261534	0.253387	0.245713	0.238474	0.231635	0.225165	0.219035	0.213221	0.207698	0.202447	0.197448	0.192684	0.188139	0.183798	0.179649	0.175680	0.171878	0.168234	0.164739	0.161383	0.158159	0.155059	0.152077	0.149205	0.146438	0.143770	0.141196	0.138712	0.136312	0.133993	0.131750	0.129580	0.127480	0.125446	0.123475	0.121565	0.119712	0.117914	0.116168	0.114473	0.112827	0.111226	0.109670	0.108157	0.106684	0.105251	0.103855	0.102496	0.101171	0.099880	0.098621	0.097394	0.096196	0.095027	0.093886	0.092772	0.091684	0.090621	0.089582	0.088566	0.087574	0.086603	0.085653	0.084724	0.083814	0.082924	
0.096302	0.241252	0.403382	0.569708	0.723471	0.849044	0.936889	0.985536	1.000000	0.988461	0.959358	0.919772	0.874941	0.828415	0.782425	0.738276	0.696654	0.657853	0.621928	0.588799	0.558309	0.530269	0.504475	0.480729	0.458842	0.438639	0.419958	0.402654	0.386597	0.371670	0.357767	0.344794	0.332669	0.321316	0.310668	0.300666	0.291255	0.282387	0.274018	0.266110	0.258626	0.251536	0.244810	0.238421	0.232346	0.226562	0.221051	0.215793	0.210773	0.205974	0.201384	0.196988	0.192775	0.188734	0.184856	0.181130	0.177548	0.174102	0.170785	0.167589	0.164509	0.161538	0.158670	0.155900	0.153224	0.150637	0.148134	0.145712	0.143367	0.141095	0.138893	0.136757	0.134686	0.132675	0.130723	0.128827	0.126984	0.125192	0.123450	0.121756	0.120106	0.118500	0.116937	0.115413	0.113928	0.112481	0.111070	0.109693	0.108349	0.107038	0.105758	0.104508	0.103287	0.102094	0.100928	0.099788	0.098673	0.097583	0.096517	0.095473	0.094451	
0.085573	0.213180	0.356111	0.505902	0.650936	0.778945	0.880224	0.949937	0.988461	1.000000	0.990582	0.966370	0.932685	0.893659	0.852263	0.810506	0.769672	0.730526	0.693484	0.658726	0.626289	0.596118	0.568106	0.542120	0.518016	0.495646	0.474870	0.455554	0.437572	0.420810	0.405163	0.390536	0.376841	0.364000	0.351942	0.340604	0.329926	0.319858	0.310351	0.301362	0.292852	0.284786	0.277133	0.269861	0.262945	0.256361	0.250085	0.244098	0.238380	0.232916	0.227688	0.222682	0.217884	0.213283	0.208867	0.204625	0.200547	0.196625	0.192849	0.189212	0.185707	0.182326	0.179063	0.175913	0.172869	0.169927	0.167081	0.164327	0.161661	0.159079	0.156576	0.154150	0.151796	0.149512	0.147295	0.145141	0.143049	0.141015	0.139038	0.137114	0.135243	0.133420	0.131646	0.129918	0.128234	0.126593	0.124992	0.123431	0.121909	0.120422	0.118972	0.117555	0.116172	0.114820	0.113499	0.112208	0.110946	0.109711	0.108503	0.107322	0.106166	
0.076981	0.190810	0.318134	0.453248	0.588007	0.713106	0.820023	0.902871	0.959358	0.990582	1.000000	0.992169	0.971723	0.942755	0.908561	0.871624	0.833718	0.796054	0.759417	0.724284	0.690919	0.659443	0.629877	0.602184	0.576290	0.552096	0.529498	0.508386	0.488652	0.470193	0.452909	0.436710	0.421509	0.407230	0.393799	0.381151	0.369227	0.357970	0.347330	0.337263	0.327726	0.318681	0.310094	0.301932	0.294167	0.286771	0.279720	0.272992	0.266566	0.260423	0.254545	0.248917	0.243522	0.238349	0.233383	0.228613	0.224027	0.219617	0.215371	0.211282	0.207341	0.203540	0.199872	0.196331	0.192910	0.189603	0.186406	0.183311	0.180316	0.177415	0.174603	0.171878	0.169235	0.166670	0.164181	0.161763	0.159414	0.157131	0.154912	0.152754	0.150653	0.148609	0.146619	0.144680	0.142792	0.140951	0.139157	0.137407	0.135700	0.134034	0.132408	0.130821	0.129270	0.127756	0.126276	0.124830	0.123416	0.122034	0.120681	0.119359	0.118064	
0.069947	0.172597	0.287098	0.409486	0.533955	0.653513	0.761132	0.851052	0.919772	0.966370	0.992169	1.000000	0.993387	0.975901	0.950750	0.920595	0.887519	0.853073	0.818371	0.784178	0.750999	0.719149	0.688802	0.660041	0.632880	0.607293	0.583225	0.560606	0.539354	0.519388	0.500623	0.482977	0.466373	0.450737	0.435998	0.422093	0.408961	0.396547	0.384800	0.373672	0.363120	0.353105	0.343588	0.334538	0.325922	0.317712	0.309883	0.302408	0.295267	0.288439	0.281904	0.275644	0.269645	0.263890	0.258365	0.253058	0.247956	0.243048	0.238323	0.233773	0.229387	0.225157	0.221076	0.217135	0.213328	0.209649	0.206091	0.202648	0.199316	0.196088	0.192961	0.189930	0.186990	0.184138	0.181369	0.178681	0.176070	0.173532	0.171065	0.168665	0.166331	0.164059	0.161848	0.159694	0.157596	0.155551	0.153557	0.151614	0.149718	0.147868	0.146063	0.144300	0.142579	0.140898	0.139256	0.137651	0.136082	0.134548	0.133047	0.131580	0.130144	
0.064085	0.157500	0.261339	0.372774	0.487590	0.600522	0.705931	0.798679	0.874941	0.932685	0.971723	0.993387	1.000000	0.994342	0.979221	0.957196	0.930441	0.900707	0.869348	0.837371	0.805507	0.774260	0.743971	0.714851	0.687025	0.660547	0.635430	0.611654	0.589177	0.567947	0.547903	0.528979	0.511110	0.494231	0.478280	0.463195	0.448920	0.435401	0.422588	0.410433	0.398893	0.387928	0.377499	0.367572	0.358115	0.349097	0.340491	0.332272	0.324416	0.316900	0.309705	0.302812	0.296202	0.289860	0.283771	0.277921	0.272295	0.266883	0.261673	0.256654	0.251817	0.247151	0.242649	0.238302	0.234103	0.230044	0.226119	0.222321	0.218645	0.215085	0.211635	0.208291	0.205049	0.201903	0.198850	0.195885	0.193005	0.190207	0.187486	0.184841	0.182267	0.179763	0.177325	0.174951	0.172638	0.170385	0.168188	0.166046	0.163958	0.161920	0.159931	0.157989	0.156094	0.154242	0.152433	0.150666	0.148938	0.147249	0.145597	0.143982	0.142401	
0.059125	0.144792	0.239664	0.341673	0.447702	0.553758	0.655367	0.748146	0.828415	0.893659	0.942755	0.975901	0.994342	1.000000	0.995104	0.981902	0.962466	0.938589	0.911754	0.883140	0.853653	0.823973	0.794594	0.765863	0.738016	0.711203	0.685511	0.660982	0.637623	0.615419	0.594340	0.574345	0.555386	0.537412	0.520371	0.504210	0.488879	0.474328	0.460509	0.447378	0.434893	0.423012	0.411699	0.400919	0.390638	0.380827	0.371458	0.362502	0.353937	0.345739	0.337886	0.330359	0.323140	0.316210	0.309555	0.303158	0.297006	0.291087	0.285387	0.279895	0.274601	0.269494	0.264566	0.259808	0.255210	0.250766	0.246468	0.242310	0.238285	0.234386	0.230609	0.226948	0.223397	0.219952	0.216609	0.213362	0.210209	0.207145	0.204167	0.201270	0.198453	0.195711	0.193043	0.190444	0.187913	0.185446	0.183042	0.180698	0.178412	0.176182	0.174006	0.171882	0.169808	0.167783	0.165804	0.163871	0.161981	0.160134	0.158328	0.156561	0.154832	
0.054876	0.133956	0.221201	0.315069	0.413215	0.512577	0.609613	0.700672	0.782425	0.852263	0.908561	0.950750	0.979221	0.995104	1.000000	0.995722	0.984098	0.966826	0.945404	0.921091	0.894915	0.867689	0.840040	0.812439	0.785233	0.758666	0.732908	0.708067	0.684207	0.661359	0.639528	0.618703	0.598861	0.579969	0.561989	0.544882	0.528605	0.513116	0.498372	0.484332	0.470958	0.458210	0.446054	0.434455	0.423380	0.412800	0.402686	0.393010	0.383749	0.374879	0.366377	0.358223	0.350398	0.342884	0.335664	0.328722	0.322044	0.315616	0.309425	0.303458	0.297705	0.292155	0.286798	0.281624	0.276625	0.271792	0.267117	0.262594	0.258215	0.253974	0.249865	0.245881	0.242018	0.238270	0.234632	0.231100	0.227669	0.224335	0.221094	0.217943	0.214878	0.211895	0.208991	0.206164	0.203410	0.200727	0.198112	0.195562	0.193075	0.190650	0.188283	0.185973	0.183717	0.181515	0.179363	0.177261	0.175206	0.173198	0.171234	0.169313	0.167434	
0.051194	0.124610	0.205305	0.292105	0.383220	0.476275	0.568460	0.656763	0.738276	0.810506	0.871624	0.920595	0.957196	0.981902	0.995722	1.000000	0.996231	0.985918	0.970474	0.951157	0.929046	0.905038	0.879861	0.854088	0.828164	0.802426	0.777123	0.752433	0.728479	0.705343	0.683072	0.661689	0.641199	0.621593	0.602852	0.584950	0.567859	0.551545	0.535973	0.521110	0.506919	0.493367	0.480421	0.468049	0.456220	0.444904	0.434073	0.423703	0.413766	0.404240	0.395104	0.386335	0.377914	0.369823	0.362045	0.354563	0.347362	0.340428	0.333747	0.327306	0.321094	0.315100	0.309312	0.303721	0.298318	0.293094	0.288041	0.283150	0.278415	0.273828	0.269384	0.265075	0.260896	0.256841	0.252905	0.249083	0.245371	0.241764	0.238257	0.234847	0.231530	0.228303	0.225161	0.222101	0.219122	0.216218	0.213388	0.210630	0.207939	0.205315	0.202754	0.200255	0.197815	0.195432	0.193104	0.190830	0.188608	0.186435	0.184311	0.182234	0.180201	
0.047974	0.116469	0.191486	0.272117	0.356971	0.444189	0.531528	0.616514	0.696654	0.769672	0.833718	0.887519	0.930441	0.962466	0.984098	0.996231	1.000000	0.996653	0.987444	0.973556	0.956056	0.935874	0.913797	0.890473	0.866427	0.842075	0.817738	0.793663	0.770034	0.746983	0.724603	0.702955	0.682074	0.661980	0.642676	0.624154	0.606400	0.589393	0.573110	0.557522	0.542603	0.528323	0.514654	0.501566	0.489031	0.477023	0.465514	0.454479	0.443895	0.433739	0.423987	0.414621	0.405619	0.396964	0.388638	0.380625	0.372908	0.365474	0.358307	0.351396	0.344728	0.338292	0.332075	0.326068	0.320262	0.314646	0.309213	0.303954	0.298861	0.293927	0.289145	0.284508	0.280011	0.275647	0.271410	0.267297	0.263301	0.259417	0.255642	0.251970	0.248399	0.244924	0.241540	0.238246	0.235037	0.231911	0.228864	0.225893	0.222996	0.220170	0.217412	0.214721	0.212094	0.209528	0.207022	0.204573	0.202180	0.199841	0.197554	0.195317	0.193130	
0.045133	0.109318	0.179371	0.254583	0.333859	0.415727	0.498383	0.579797	0.657853	0.730526	0.796054	0.853073	0.900707	0.938589	0.966826	0.985918	0.996653	1.000000	0.997009	0.988736	0.976182	0.960260	0.941777	0.921421	0.899775	0.877315	0.854427	0.831417	0.808526	0.785937	0.763788	0.742180	0.721183	0.700844	0.681191	0.662240	0.643991	0.626441	0.609576	0.593380	0.577834	0.562915	0.548600	0.534865	0.521685	0.509037	0.496895	0.485238	0.474041	0.463284	0.452945	0.443004	0.433442	0.424241	0.415382	0.406850	0.398629	0.390704	0.383060	0.375686	0.368567	0.361692	0.355050	0.348631	0.342423	0.336417	0.330605	0.324977	0.319527	0.314245	0.309125	0.304160	0.299344	0.294669	0.290131	0.285723	0.281441	0.277280	0.273234	0.269299	0.265471	0.261745	0.258119	0.254587	0.251147	0.247795	0.244528	0.241343	0.238237	0.235206	0.232250	0.229364	0.226547	0.223796	0.221109	0.218483	0.215917	0.213409	0.210957	0.208559	0.206214	
0.042610	0.102986	0.168670	0.239094	0.313389	0.390376	0.468596	0.546375	0.621928	0.693484	0.759417	0.818371	0.869348	0.911754	0.945404	0.970474	0.987444	0.997009	1.000000	0.997311	0.989838	0.978437	0.963894	0.946910	0.928095	0.907967	0.886962	0.865435	0.843677	0.821917	0.800338	0.779079	0.758246	0.737915	0.718142	0.698965	0.680404	0.662472	0.645170	0.628494	0.612434	0.596977	0.582106	0.567803	0.554049	0.540822	0.528103	0.515871	0.504105	0.492785	0.481891	0.471405	0.461308	0.451583	0.442211	0.433178	0.424467	0.416065	0.407956	0.400127	0.392566	0.385261	0.378200	0.371372	0.364767	0.358375	0.352187	0.346193	0.340387	0.334759	0.329302	0.324009	0.318873	0.313888	0.309047	0.304345	0.299776	0.295336	0.291018	0.286818	0.282731	0.278754	0.274883	0.271112	0.267439	0.263859	0.260371	0.256969	0.253652	0.250416	0.247258	0.244176	0.241167	0.238228	0.235358	0.232554	0.229813	0.227134	0.224515	0.221954	0.219448	
0.040353	0.097342	0.159151	0.225322	0.295157	0.367701	0.441765	0.515966	0.588799	0.658726	0.724284	0.784178	0.837371	0.883140	0.921091	0.951157	0.973556	0.988736	0.997311	1.000000	0.997569	0.990786	0.980388	0.967055	0.951402	0.933967	0.915216	0.895544	0.875281	0.854698	0.834015	0.813409	0.793019	0.772954	0.753295	0.734103	0.715422	0.697281	0.679698	0.662681	0.646232	0.630348	0.615021	0.600239	0.585989	0.572255	0.559021	0.546270	0.533984	0.522146	0.510737	0.499741	0.489140	0.478918	0.469058	0.459545	0.450364	0.441501	0.432941	0.424672	0.416680	0.408954	0.401483	0.394254	0.387259	0.380486	0.373927	0.367572	0.361412	0.355441	0.349649	0.344030	0.338576	0.333282	0.328139	0.323143	0.318288	0.313567	0.308977	0.304512	0.300167	0.295937	0.291819	0.287808	0.283901	0.280093	0.276381	0.272762	0.269232	0.265788	0.262427	0.259147	0.255945	0.252817	0.249762	0.246777	0.243860	0.241009	0.238221	0.235494	0.232827	
0.038323	0.092281	0.150632	0.213006	0.278833	0.347334	0.417534	0.488282	0.558309	0.626289	0.690919	0.750999	0.805507	0.853653	0.894915	0.929046	0.956056	0.976182	0.989838	0.997569	1.000000	0.997792	0.991608	0.982087	0.969822	0.955352	0.939158	0.921658	0.903209	0.884117	0.864634	0.844971	0.825298	0.805752	0.786441	0.767451	0.748847	0.730677	0.712975	0.695764	0.679060	0.662870	0.647194	0.632031	0.617372	0.603210	0.589532	0.576325	0.563577	0.551270	0.539392	0.527927	0.516858	0.506172	0.495853	0.485886	0.476258	0.466954	0.457962	0.449268	0.440861	0.432727	0.424856	0.417238	0.409860	0.402715	0.395791	0.389080	0.382574	0.376263	0.370141	0.364199	0.358430	0.352828	0.347385	0.342097	0.336956	0.331957	0.327095	0.322365	0.317761	0.313279	0.308914	0.304663	0.300520	0.296483	0.292547	0.288709	0.284965	0.281313	0.277748	0.274269	0.270872	0.267554	0.264313	0.261146	0.258051	0.255025	0.252067	0.249174	0.246344	
0.036487	0.087716	0.142966	0.201931	0.264144	0.328965	0.395584	0.463043	0.530269	0.596118	0.659443	0.719149	0.774260	0.823973	0.867689	0.905038	0.935874	0.960260	0.978437	0.990786	0.997792	1.000000	0.997986	0.992325	0.983575	0.972256	0.958845	0.943769	0.927405	0.910079	0.892072	0.873619	0.854920	0.836136	0.817404	0.798830	0.780501	0.762484	0.744831	0.727580	0.710760	0.694391	0.678483	0.663042	0.648070	0.633565	0.619520	0.605927	0.592778	0.580062	0.567765	0.555876	0.544381	0.533268	0.522523	0.512133	0.502085	0.492366	0.482963	0.473864	0.465058	0.456533	0.448277	0.440281	0.432533	0.425025	0.417745	0.410687	0.403840	0.397196	0.390748	0.384488	0.378408	0.372502	0.366763	0.361185	0.355761	0.350485	0.345353	0.340359	0.335497	0.330763	0.326152	0.321661	0.317283	0.313017	0.308857	0.304800	0.300842	0.296980	0.293211	0.289532	0.285939	0.282430	0.279002	0.275652	0.272378	0.269177	0.266048	0.262987	0.259993	
0.034819	0.083579	0.136032	0.191924	0.250867	0.312331	0.375640	0.439992	0.504475	0.568106	0.629877	0.688802	0.743971	0.794594	0.840040	0.879861	0.913797	0.941777	0.963894	0.980388	0.991608	0.997986	1.000000	0.998155	0.992954	0.984886	0.974409	0.961947	0.947882	0.932553	0.916259	0.899256	0.881766	0.863975	0.846039	0.828088	0.810228	0.792547	0.775111	0.757977	0.741185	0.724768	0.708748	0.693141	0.677956	0.663199	0.648870	0.634968	0.621488	0.608422	0.595764	0.583503	0.571628	0.560131	0.548998	0.538219	0.527782	0.517675	0.507887	0.498406	0.489222	0.480323	0.471700	0.463340	0.455236	0.447377	0.439753	0.432357	0.425178	0.418210	0.411443	0.404871	0.398486	0.392281	0.386250	0.380385	0.374681	0.369132	0.363732	0.358476	0.353358	0.348374	0.343519	0.338787	0.334176	0.329681	0.325297	0.321021	0.316849	0.312778	0.308805	0.304925	0.301136	0.297435	0.293820	0.290286	0.286833	0.283456	0.280154	0.276925	0.273766	
0.033296	0.079813	0.129731	0.182840	0.238814	0.297211	0.357464	0.418895	0.480729	0.542120	0.602184	0.660041	0.714851	0.765863	0.812439	0.854088	0.890473	0.921421	0.946910	0.967055	0.982087	0.992325	0.998155	1.000000	0.998304	0.993509	0.986046	0.976322	0.964714	0.951565	0.937181	0.921835	0.905764	0.889172	0.872236	0.855105	0.837902	0.820733	0.803682	0.786820	0.770201	0.753871	0.737863	0.722203	0.706911	0.691998	0.677474	0.663343	0.649605	0.636258	0.623299	0.610721	0.598518	0.586682	0.575204	0.564074	0.553282	0.542819	0.532675	0.522838	0.513300	0.504049	0.495077	0.486373	0.477928	0.469732	0.461777	0.454054	0.446555	0.439271	0.432195	0.425319	0.418636	0.412138	0.405820	0.399674	0.393695	0.387876	0.382212	0.376697	0.371326	0.366094	0.360996	0.356027	0.351184	0.346461	0.341854	0.337361	0.332975	0.328696	0.324518	0.320438	0.316453	0.312561	0.308757	0.305040	0.301406	0.297853	0.294379	0.290980	0.287656	
0.031900	0.076370	0.123982	0.174559	0.227829	0.283417	0.340847	0.399543	0.458842	0.518016	0.576290	0.632880	0.687025	0.738016	0.785233	0.828164	0.866427	0.899775	0.928095	0.951402	0.969822	0.983575	0.992954	0.998304	1.000000	0.998435	0.994001	0.987078	0.978030	0.967192	0.954875	0.941355	0.926882	0.911674	0.895922	0.879791	0.863422	0.846934	0.830429	0.813991	0.797689	0.781580	0.765710	0.750114	0.734822	0.719854	0.705227	0.690951	0.677032	0.663476	0.650281	0.637447	0.624970	0.612846	0.601067	0.589628	0.578521	0.567737	0.557268	0.547105	0.537239	0.527661	0.518362	0.509333	0.500565	0.492050	0.483779	0.475744	0.467936	0.460348	0.452973	0.445802	0.438829	0.432047	0.425449	0.419028	0.412779	0.406696	0.400772	0.395002	0.389382	0.383905	0.378568	0.373364	0.368290	0.363342	0.358514	0.353804	0.349207	0.344719	0.340338	0.336059	0.331879	0.327795	0.323804	0.319903	0.316090	0.312361	0.308713	0.305146	0.301655	
0.030617	0.073210	0.118715	0.166982	0.217780	0.270792	0.325612	0.381750	0.438639	0.495646	0.552096	0.607293	0.660547	0.711203	0.758666	0.802426	0.842075	0.877315	0.907967	0.933967	0.955352	0.972256	0.984886	0.993509	0.998435	1.000000	0.998552	0.994439	0.988000	0.979560	0.969420	0.957860	0.945132	0.931464	0.917058	0.902089	0.886715	0.871067	0.855261	0.839394	0.823549	0.807793	0.792185	0.776770	0.761587	0.746666	0.732029	0.717695	0.703678	0.689986	0.676625	0.663598	0.650906	0.638546	0.626518	0.614815	0.603433	0.592366	0.581608	0.571150	0.560985	0.551107	0.541506	0.532174	0.523105	0.514289	0.505719	0.497387	0.489286	0.481407	0.473744	0.466290	0.459037	0.451979	0.445110	0.438422	0.431910	0.425568	0.419391	0.413372	0.407506	0.401789	0.396216	0.390781	0.385480	0.380308	0.375262	0.370338	0.365531	0.360837	0.356253	0.351776	0.347402	0.343128	0.338950	0.334866	0.330873	0.326968	0.323149	0.319412	0.315755	
0.029433	0.070300	0.113874	0.160024	0.208556	0.259197	0.311603	0.365353	0.419958	0.474870	0.529498	0.583225	0.635430	0.685511	0.732908	0.777123	0.817738	0.854427	0.886962	0.915216	0.939158	0.958845	0.974409	0.986046	0.994001	0.998552	1.000000	0.998656	0.994831	0.988827	0.980937	0.971431	0.960562	0.948561	0.935636	0.921973	0.907737	0.893074	0.878109	0.862952	0.847696	0.832422	0.817198	0.802079	0.787114	0.772340	0.757790	0.743488	0.729455	0.715705	0.702249	0.689095	0.676248	0.663711	0.651484	0.639566	0.627955	0.616646	0.605635	0.594917	0.584487	0.574336	0.564461	0.554852	0.545503	0.536408	0.527558	0.518947	0.510568	0.502414	0.494477	0.486752	0.479231	0.471908	0.464776	0.457830	0.451063	0.444471	0.438046	0.431784	0.425679	0.419727	0.413922	0.408259	0.402735	0.397344	0.392083	0.386947	0.381932	0.377035	0.372251	0.367577	0.363011	0.358548	0.354185	0.349919	0.345747	0.341667	0.337676	0.333770	0.329948	
0.028337	0.067612	0.109408	0.153613	0.200061	0.248517	0.298686	0.350206	0.402654	0.455554	0.508386	0.560606	0.611654	0.660982	0.708067	0.752433	0.793663	0.831417	0.865435	0.895544	0.921658	0.943769	0.961947	0.976322	0.987078	0.994439	0.998656	1.000000	0.998749	0.995182	0.989572	0.982179	0.973250	0.963014	0.951681	0.939443	0.926472	0.912921	0.898926	0.884606	0.870066	0.855395	0.840672	0.825962	0.811321	0.796797	0.782428	0.768248	0.754282	0.740552	0.727075	0.713863	0.700925	0.688270	0.675899	0.663817	0.652022	0.640515	0.629292	0.618352	0.607689	0.597300	0.587178	0.577319	0.567716	0.558364	0.549256	0.540386	0.531747	0.523333	0.515139	0.507156	0.499379	0.491803	0.484421	0.477226	0.470214	0.463379	0.456715	0.450217	0.443879	0.437697	0.431667	0.425782	0.420039	0.414433	0.408960	0.403616	0.398397	0.393299	0.388317	0.383450	0.378693	0.374043	0.369496	0.365050	0.360701	0.356447	0.352285	0.348211	0.344225	
0.027320	0.065121	0.105276	0.147689	0.192214	0.238652	0.286746	0.336183	0.386597	0.437572	0.488652	0.539354	0.589177	0.637623	0.684207	0.728479	0.770034	0.808526	0.843677	0.875281	0.903209	0.927405	0.947882	0.964714	0.978030	0.988000	0.994831	0.998749	1.000000	0.998833	0.995500	0.990245	0.983304	0.974902	0.965246	0.954529	0.942928	0.930600	0.917689	0.904322	0.890613	0.876659	0.862547	0.848352	0.834139	0.819963	0.805869	0.791900	0.778086	0.764456	0.751031	0.737831	0.724868	0.712154	0.699697	0.687503	0.675575	0.663915	0.652523	0.641399	0.630541	0.619946	0.609610	0.599529	0.589699	0.580115	0.570772	0.561664	0.552785	0.544131	0.535694	0.527470	0.519453	0.511636	0.504015	0.496584	0.489337	0.482269	0.475374	0.468648	0.462085	0.455681	0.449431	0.443330	0.437374	0.431558	0.425878	0.420330	0.414910	0.409614	0.404439	0.399381	0.394436	0.389601	0.384873	0.380248	0.375724	0.371298	0.366966	0.362726	0.358576	
0.026373	0.062806	0.101442	0.142197	0.184946	0.229514	0.275680	0.323172	0.371670	0.420810	0.470193	0.519388	0.567947	0.615419	0.661359	0.705343	0.746983	0.785937	0.821917	0.854698	0.884117	0.910079	0.932553	0.951565	0.967192	0.979560	0.988827	0.995182	0.998833	1.000000	0.998909	0.995787	0.990855	0.984327	0.976407	0.967284	0.957136	0.946124	0.934395	0.922083	0.909308	0.896174	0.882777	0.869199	0.855512	0.841778	0.828052	0.814380	0.800801	0.787349	0.774052	0.760933	0.748011	0.735301	0.722816	0.710564	0.698554	0.686788	0.675272	0.664006	0.652991	0.642226	0.631709	0.621438	0.611410	0.601621	0.592067	0.582743	0.573646	0.564770	0.556111	0.547662	0.539420	0.531378	0.523532	0.515876	0.508405	0.501115	0.494000	0.487055	0.480276	0.473658	0.467195	0.460885	0.454721	0.448701	0.442819	0.437072	0.431456	0.425967	0.420602	0.415356	0.410226	0.405210	0.400303	0.395502	0.390805	0.386208	0.381709	0.377305	0.372993	
0.025489	0.060650	0.097876	0.137094	0.178196	0.221029	0.265400	0.311072	0.357767	0.405163	0.452909	0.500623	0.547903	0.594340	0.639528	0.683072	0.724603	0.763788	0.800338	0.834015	0.864634	0.892072	0.916259	0.937181	0.954875	0.969420	0.980937	0.989572	0.995500	0.998909	1.000000	0.998978	0.996047	0.991409	0.985259	0.977781	0.969149	0.959526	0.949062	0.937892	0.926142	0.913922	0.901334	0.888465	0.875396	0.862195	0.848923	0.835633	0.822370	0.809174	0.796078	0.783111	0.770296	0.757653	0.745198	0.732945	0.720903	0.709082	0.697487	0.686121	0.674989	0.664092	0.653429	0.643000	0.632804	0.622838	0.613100	0.603586	0.594293	0.585217	0.576354	0.567700	0.559249	0.550998	0.542941	0.535075	0.527394	0.519893	0.512569	0.505415	0.498429	0.491605	0.484939	0.478426	0.472062	0.465844	0.459767	0.453827	0.448020	0.442342	0.436791	0.431361	0.426051	0.420856	0.415774	0.410800	0.405933	0.401168	0.396504	0.391937	0.387465	
0.024663	0.058637	0.094550	0.132340	0.171911	0.213130	0.255828	0.299798	0.344794	0.390536	0.436710	0.482977	0.528979	0.574345	0.618703	0.661689	0.702955	0.742180	0.779079	0.813409	0.844971	0.873619	0.899256	0.921835	0.941355	0.957860	0.971431	0.982179	0.990245	0.995787	0.998978	1.000000	0.999040	0.996284	0.991915	0.986110	0.979039	0.970860	0.961724	0.951769	0.941121	0.929897	0.918200	0.906126	0.893760	0.881176	0.868441	0.855613	0.842745	0.829880	0.817058	0.804311	0.791669	0.779155	0.766790	0.754591	0.742572	0.730744	0.719116	0.707696	0.696488	0.685497	0.674725	0.664172	0.653840	0.643727	0.633832	0.624154	0.614690	0.605436	0.596391	0.587550	0.578910	0.570466	0.562216	0.554153	0.546275	0.538578	0.531056	0.523705	0.516522	0.509502	0.502641	0.495934	0.489379	0.482970	0.476703	0.470576	0.464584	0.458724	0.452991	0.447383	0.441896	0.436527	0.431273	0.426130	0.421095	0.416166	0.411339	0.406612	0.401982	
0.023888	0.056752	0.091441	0.127901	0.166046	0.205761	0.246897	0.289272	0.332669	0.376841	0.421509	0.466373	0.511110	0.555386	0.598861	0.641199	0.682074	0.721183	0.758246	0.793019	0.825298	0.854920	0.881766	0.905764	0.926882	0.945132	0.960562	0.973250	0.983304	0.990855	0.996047	0.999040	1.000000	0.999097	0.996500	0.992377	0.986890	0.980193	0.972434	0.963749	0.954268	0.944108	0.933377	0.922173	0.910587	0.898697	0.886575	0.874286	0.861886	0.849424	0.836945	0.824486	0.812081	0.799758	0.787542	0.775454	0.763510	0.751726	0.740114	0.728684	0.717443	0.706398	0.695553	0.684912	0.674476	0.664247	0.654226	0.644410	0.634800	0.625393	0.616188	0.607182	0.598371	0.589754	0.581326	0.573084	0.565024	0.557143	0.549436	0.541901	0.534532	0.527327	0.520281	0.513390	0.506650	0.500059	0.493611	0.487304	0.481133	0.475096	0.469188	0.463407	0.457748	0.452209	0.446787	0.441478	0.436280	0.431189	0.426204	0.421319	0.416535	
0.023161	0.054984	0.088529	0.123747	0.160561	0.198872	0.238547	0.279425	0.321316	0.364000	0.407230	0.450737	0.494231	0.537412	0.579969	0.621593	0.661980	0.700844	0.737915	0.772954	0.805752	0.836136	0.863975	0.889172	0.911674	0.931464	0.948561	0.963014	0.974902	0.984327	0.991409	0.996284	0.999097	1.000000	0.999149	0.996698	0.992801	0.987606	0.981255	0.973884	0.965619	0.956580	0.946876	0.936609	0.925870	0.914743	0.903306	0.891625	0.879763	0.867773	0.855703	0.843598	0.831493	0.819421	0.807412	0.795489	0.783674	0.771984	0.760435	0.749040	0.737809	0.726751	0.715873	0.705179	0.694674	0.684362	0.674243	0.664318	0.654589	0.645054	0.635712	0.626563	0.617603	0.608831	0.600244	0.591839	0.583613	0.575563	0.567686	0.559979	0.552437	0.545058	0.537837	0.530772	0.523858	0.517093	0.510472	0.503992	0.497650	0.491442	0.485366	0.479417	0.473592	0.467889	0.462303	0.456834	0.451476	0.446228	0.441086	0.436048	0.431111	
0.022476	0.053323	0.085796	0.119851	0.155421	0.192418	0.230724	0.270197	0.310668	0.351942	0.393799	0.435998	0.478280	0.520371	0.561989	0.602852	0.642676	0.681191	0.718142	0.753295	0.786441	0.817404	0.846039	0.872236	0.895922	0.917058	0.935636	0.951681	0.965246	0.976407	0.985259	0.991915	0.996500	0.999149	1.000000	0.999196	0.996880	0.993191	0.988265	0.982234	0.975223	0.967349	0.958723	0.949446	0.939614	0.929313	0.918623	0.907615	0.896354	0.884900	0.873304	0.861613	0.849868	0.838106	0.826360	0.814658	0.803023	0.791478	0.780040	0.768726	0.757548	0.746518	0.735644	0.724935	0.714396	0.704033	0.693848	0.683844	0.674023	0.664385	0.654932	0.645662	0.636574	0.627668	0.618941	0.610391	0.602016	0.593814	0.585781	0.577916	0.570214	0.562673	0.555290	0.548061	0.540983	0.534053	0.527268	0.520624	0.514118	0.507747	0.501509	0.495398	0.489413	0.483551	0.477808	0.472182	0.466670	0.461268	0.455975	0.450787	0.445702	
0.021831	0.051760	0.083225	0.116190	0.150595	0.186360	0.223382	0.261534	0.300666	0.340604	0.381151	0.422093	0.463195	0.504210	0.544882	0.584950	0.624154	0.662240	0.698965	0.734103	0.767451	0.798830	0.828088	0.855105	0.879791	0.902089	0.921973	0.939443	0.954529	0.967284	0.977781	0.986110	0.992377	0.996698	0.999196	1.000000	0.999240	0.997047	0.993549	0.988873	0.983139	0.976463	0.968953	0.960713	0.951837	0.942414	0.932526	0.922249	0.911649	0.900788	0.889724	0.878506	0.867179	0.855783	0.844355	0.832925	0.821523	0.810171	0.798891	0.787703	0.776621	0.765660	0.754831	0.744144	0.733606	0.723225	0.713006	0.702953	0.693068	0.683355	0.673815	0.664449	0.655256	0.646236	0.637389	0.628713	0.620207	0.611869	0.603697	0.595688	0.587840	0.580150	0.572617	0.565235	0.558004	0.550920	0.543980	0.537181	0.530520	0.523995	0.517601	0.511336	0.505198	0.499183	0.493288	0.487511	0.481849	0.476299	0.470858	0.465524	0.460294	
0.021222	0.050285	0.080803	0.112744	0.146055	0.180663	0.216478	0.253387	0.291255	0.329926	0.369227	0.408961	0.448920	0.488879	0.528605	0.567859	0.606400	0.643991	0.680404	0.715422	0.748847	0.780501	0.810228	0.837902	0.863422	0.886715	0.907737	0.926472	0.942928	0.957136	0.969149	0.979039	0.986890	0.992801	0.996880	0.999240	1.000000	0.999280	0.997201	0.993881	0.989435	0.983977	0.977612	0.970442	0.962563	0.954063	0.945027	0.935529	0.925642	0.915430	0.904951	0.894260	0.883404	0.872428	0.861369	0.850263	0.839142	0.828031	0.816956	0.805938	0.794996	0.784145	0.773399	0.762771	0.752270	0.741906	0.731685	0.721612	0.711694	0.701933	0.692332	0.682894	0.673619	0.664508	0.655562	0.646780	0.638161	0.629705	0.621409	0.613272	0.605293	0.597468	0.589797	0.582276	0.574903	0.567676	0.560591	0.553647	0.546840	0.540167	0.533627	0.527215	0.520930	0.514769	0.508729	0.502807	0.497000	0.491307	0.485724	0.480248	0.474879	
0.020646	0.048891	0.078518	0.109495	0.141776	0.175298	0.209977	0.245713	0.282387	0.319858	0.357970	0.396547	0.435401	0.474328	0.513116	0.551545	0.589393	0.626441	0.662472	0.697281	0.730677	0.762484	0.792547	0.820733	0.846934	0.871067	0.893074	0.912921	0.930600	0.946124	0.959526	0.970860	0.980193	0.987606	0.993191	0.997047	0.999280	1.000000	0.999317	0.997343	0.994187	0.989956	0.984754	0.978680	0.971828	0.964287	0.956141	0.947467	0.938339	0.928822	0.918978	0.908863	0.898529	0.888021	0.877381	0.866648	0.855855	0.845032	0.834207	0.823403	0.812641	0.801941	0.791317	0.780786	0.770358	0.760044	0.749853	0.739793	0.729870	0.720089	0.710454	0.700969	0.691636	0.682457	0.673433	0.664565	0.655853	0.647296	0.638894	0.630646	0.622550	0.614605	0.606810	0.599162	0.591659	0.584300	0.577082	0.570002	0.563058	0.556249	0.549570	0.543020	0.536596	0.530296	0.524116	0.518056	0.512111	0.506280	0.500560	0.494948	0.489443	
0.020100	0.047573	0.076357	0.106426	0.137738	0.170235	0.203844	0.238474	0.274018	0.310351	0.347330	0.384800	0.422588	0.460509	0.498372	0.535973	0.573110	0.609576	0.645170	0.679698	0.712975	0.744831	0.775111	0.803682	0.830429	0.855261	0.878109	0.898926	0.917689	0.934395	0.949062	0.961724	0.972434	0.981255	0.988265	0.993549	0.997201	0.999317	1.000000	0.999352	0.997475	0.994471	0.990439	0.985476	0.979673	0.973119	0.965895	0.958082	0.949751	0.940972	0.931806	0.922312	0.912544	0.902551	0.892376	0.882061	0.871641	0.861151	0.850618	0.840070	0.829531	0.819020	0.808558	0.798159	0.787839	0.777610	0.767482	0.757465	0.747567	0.737794	0.728153	0.718647	0.709280	0.700056	0.690977	0.682043	0.673257	0.664619	0.656128	0.647785	0.639590	0.631540	0.623635	0.615874	0.608254	0.600775	0.593434	0.586230	0.579160	0.572222	0.565414	0.558734	0.552180	0.545748	0.539437	0.533245	0.527168	0.521205	0.515354	0.509611	0.503976	
0.019583	0.046323	0.074312	0.103524	0.133921	0.165451	0.198050	0.231635	0.266110	0.301362	0.337263	0.373672	0.410433	0.447378	0.484332	0.521110	0.557522	0.593380	0.628494	0.662681	0.695764	0.727580	0.757977	0.786820	0.813991	0.839394	0.862952	0.884606	0.904322	0.922083	0.937892	0.951769	0.963749	0.973884	0.982234	0.988873	0.993881	0.997343	0.999352	1.000000	0.999383	0.997597	0.994735	0.990889	0.986148	0.980599	0.974323	0.967399	0.959898	0.951891	0.943442	0.934609	0.925449	0.916012	0.906344	0.896490	0.886486	0.876369	0.866170	0.855919	0.845641	0.835360	0.825095	0.814866	0.804689	0.794578	0.784545	0.774603	0.764759	0.755023	0.745402	0.735901	0.726526	0.717281	0.708168	0.699191	0.690351	0.681651	0.673090	0.664670	0.656390	0.648251	0.640252	0.632391	0.624668	0.617082	0.609631	0.602313	0.595127	0.588072	0.581145	0.574344	0.567667	0.561112	0.554677	0.548360	0.542158	0.536070	0.530094	0.524226	0.518466	
0.019091	0.045138	0.072373	0.100774	0.130306	0.160924	0.192568	0.225165	0.258626	0.292852	0.327726	0.363120	0.398893	0.434893	0.470958	0.506919	0.542603	0.577834	0.612434	0.646232	0.679060	0.710760	0.741185	0.770201	0.797689	0.823549	0.847696	0.870066	0.890613	0.909308	0.926142	0.941121	0.954268	0.965619	0.975223	0.983139	0.989435	0.994187	0.997475	0.999383	1.000000	0.999413	0.997710	0.994980	0.991307	0.986775	0.981463	0.975449	0.968805	0.961600	0.953899	0.945762	0.937246	0.928403	0.919281	0.909926	0.900377	0.890674	0.880848	0.870932	0.860954	0.850938	0.840908	0.830883	0.820883	0.810924	0.801018	0.791181	0.781422	0.771751	0.762178	0.752708	0.743349	0.734106	0.724983	0.715984	0.707112	0.698369	0.689757	0.681278	0.672931	0.664719	0.656640	0.648694	0.640882	0.633201	0.625652	0.618234	0.610944	0.603781	0.596744	0.589832	0.583042	0.576372	0.569821	0.563388	0.557068	0.550862	0.544767	0.538780	0.532901	
0.018623	0.044011	0.070532	0.098165	0.126880	0.156634	0.187375	0.219035	0.251536	0.284786	0.318681	0.353105	0.387928	0.423012	0.458210	0.493367	0.528323	0.562915	0.596977	0.630348	0.662870	0.694391	0.724768	0.753871	0.781580	0.807793	0.832422	0.855395	0.876659	0.896174	0.913922	0.929897	0.944108	0.956580	0.967349	0.976463	0.983977	0.989956	0.994471	0.997597	0.999413	1.000000	0.999440	0.997816	0.995209	0.991697	0.987360	0.982271	0.976503	0.970123	0.963197	0.955785	0.947944	0.939728	0.931187	0.922367	0.913310	0.904056	0.894640	0.885096	0.875453	0.865738	0.855977	0.846192	0.836402	0.826626	0.816880	0.807178	0.797533	0.787956	0.778457	0.769045	0.759727	0.750510	0.741400	0.732401	0.723517	0.714752	0.706109	0.697588	0.689192	0.680923	0.672780	0.664765	0.656877	0.649116	0.641483	0.633975	0.626592	0.619333	0.612198	0.605184	0.598290	0.591515	0.584857	0.578314	0.571885	0.565568	0.559361	0.553262	0.547269	
0.018178	0.042940	0.068782	0.095687	0.123627	0.152563	0.182448	0.213221	0.244810	0.277133	0.310094	0.343588	0.377499	0.411699	0.446054	0.480421	0.514654	0.548600	0.582106	0.615021	0.647194	0.678483	0.708748	0.737863	0.765710	0.792185	0.817198	0.840672	0.862547	0.882777	0.901334	0.918200	0.933377	0.946876	0.958723	0.968953	0.977612	0.984754	0.990439	0.994735	0.997710	0.999440	1.000000	0.999466	0.997915	0.995422	0.992062	0.987907	0.983028	0.977491	0.971360	0.964697	0.957558	0.949999	0.942069	0.933815	0.925283	0.916511	0.907539	0.898400	0.889127	0.879748	0.870289	0.860775	0.851228	0.841667	0.832110	0.822573	0.813071	0.803615	0.794218	0.784890	0.775638	0.766472	0.757398	0.748421	0.739547	0.730780	0.722124	0.713580	0.705153	0.696844	0.688654	0.680585	0.672636	0.664809	0.657104	0.649519	0.642056	0.634713	0.627489	0.620384	0.613397	0.606526	0.599769	0.593126	0.586595	0.580175	0.573863	0.567659	0.561560	
